{
 "cells": [
  {
   "cell_type": "markdown",
   "id": "ba4e437b",
   "metadata": {},
   "source": [
    "# Adaptive Large Neighbourhood Search (ALNS) for VRPTW  \n",
    "\n",
    "- Define destroy / repair operators for ALNS.\n",
    "- Run a basic ALNS loop with simulated annealing style acceptance.\n",
    "- Inspect operator usage and adaptation over time.\n"
   ]
  },
  {
   "cell_type": "markdown",
   "id": "0b5756e5",
   "metadata": {},
   "source": [
    "## 1. Problem definition: VRPTW (Solomon-style)\n",
    "\n",
    "We are given:\n",
    "\n",
    "- A depot `0` with:\n",
    "  - coordinates `(x_0, y_0)`\n",
    "  - earliest departure time `e_0` and latest return time `l_0`\n",
    "- A fleet of `K` identical vehicles with capacity `Q`.\n",
    "- A set of customers `i = 1, …, n`, each with:\n",
    "  - demand `d_i` (units to deliver / pick up)\n",
    "  - service time `s_i`\n",
    "  - coordinates `(x_i, y_i)`\n",
    "  - time window `[e_i, l_i]`:\n",
    "    the vehicle **may not start servicing customer _i_ before `e_i`,\n",
    "    and must *start* service no later than `l_i`.**\n",
    "\n",
    "Each vehicle builds one route that:\n",
    "1. starts at the depot,\n",
    "2. visits a subset of customers,\n",
    "3. returns to the depot.\n",
    "\n",
    "### Feasibility constraints\n",
    "For every route:\n",
    "- **Capacity**: sum of demands ≤ `Q`.\n",
    "- **Time feasibility**:\n",
    "  - We simulate driving + waiting + service times along the route.\n",
    "  - Arriving early is allowed, but you **must wait** until the window opens.\n",
    "  - Arriving after `l_i` is infeasible.\n",
    "\n",
    "### Objective\n",
    "Minimise total driven distance (or travel time — we assume symmetric Euclidean distance here).\n",
    "\n",
    "We'll work with *classical Solomon benchmark instances*\n",
    "(see M. Solomon, 1987), but we also include a toy generator so this runs standalone.\n"
   ]
  },
  {
   "cell_type": "markdown",
   "id": "12b2a22c",
   "metadata": {},
   "source": [
    "## 2. Data model\n",
    "\n",
    "We'll define small dataclasses so that code stays readable.\n",
    "\n",
    "We keep:\n",
    "- problem-level info (`Q`, depot)\n",
    "- list of customers\n",
    "- a distance matrix for fast lookup\n",
    "\n",
    "We also include a tiny **toy instance generator** so the notebook runs even if\n",
    "the Solomon `.txt` files are not available on your machine.\n"
   ]
  },
  {
   "cell_type": "code",
   "execution_count": 1,
   "id": "8d4f3718",
   "metadata": {},
   "outputs": [],
   "source": [
    "from dataclasses import dataclass\n",
    "from typing import List, Tuple, Dict, Optional\n",
    "import math\n",
    "import random\n",
    "\n",
    "@dataclass\n",
    "class Customer:\n",
    "    idx: int          # 0 is depot\n",
    "    x: float\n",
    "    y: float\n",
    "    demand: float\n",
    "    ready_time: float   # earliest start of service e_i\n",
    "    due_time: float     # latest start of service l_i\n",
    "    service_time: float # s_i\n",
    "\n",
    "@dataclass\n",
    "class VRPTWInstance:\n",
    "    Q: float                         # vehicle capacity\n",
    "    customers: List[Customer]        # 0 is depot / 1..n are customers\n",
    "    dist: List[List[float]]          # distance matrix (symmetric here)\n",
    "\n",
    "    def travel_time(self, i: int, j: int) -> float:\n",
    "        # assume time == distance\n",
    "        return self.dist[i][j]\n",
    "\n",
    "def euclidean(a: Customer, b: Customer) -> float:\n",
    "    return math.hypot(a.x - b.x, a.y - b.y)\n",
    "\n",
    "def build_distance_matrix(customers: List[Customer]) -> List[List[float]]:\n",
    "    n = len(customers)\n",
    "    D = [[0.0]*n for _ in range(n)]\n",
    "    for i in range(n):\n",
    "        for j in range(i+1, n):\n",
    "            d = euclidean(customers[i], customers[j])\n",
    "            D[i][j] = D[j][i] = d\n",
    "    return D\n"
   ]
  },
  {
   "cell_type": "markdown",
   "id": "552d5b45",
   "metadata": {},
   "source": [
    "### 2.1 Toy instance generator\n",
    "\n",
    "If you don't have Solomon instances locally, run this cell and you'll get\n",
    "a tiny VRPTW with ~15 customers clustered near the depot.\n",
    "\n",
    "The time windows are *tight-ish* to make the problem interesting, but still solvable\n",
    "with a few short routes.\n"
   ]
  },
  {
   "cell_type": "code",
   "execution_count": 2,
   "id": "4402c7a3",
   "metadata": {},
   "outputs": [
    {
     "data": {
      "text/plain": [
       "(VRPTWInstance(Q=200.0, customers=[Customer(idx=0, x=50.0, y=50.0, demand=0.0, ready_time=0.0, due_time=200.0, service_time=0.0), Customer(idx=1, x=55.57707193831535, y=31.00043020890668, demand=11.875732959227982, ready_time=29.701794781064724, due_time=79.16064334762522, service_time=7.232107381488228), Customer(idx=2, x=57.06797949691645, y=65.68718270819382, demand=7.173470815735404, ready_time=25.808895362848144, due_time=47.00078414037095, service_time=9.219218196852704), Customer(idx=3, x=38.745518992144135, y=50.2142115241345, demand=5.663399242096591, ready_time=16.884779122032835, due_time=62.88015663321376, service_time=6.988376506866485), Customer(idx=4, x=51.797659224128665, y=38.817624881627864, demand=19.731642096897716, ready_time=16.98892159442991, due_time=37.248871981552355, service_time=13.094304566778266), Customer(idx=5, x=62.23277007331232, y=57.92557579952907, demand=13.506262912949797, ready_time=21.863775627653247, due_time=80.15229851592449, service_time=6.554794998117815), Customer(idx=6, x=43.463781804505075, y=33.70983373520592, demand=7.4179094208366, ready_time=26.328810204335984, due_time=70.47785145901163, service_time=13.474943663474598), Customer(idx=7, x=62.28513093097521, y=59.18927146775272, demand=18.405702286367518, ready_time=23.012520336185048, due_time=58.15389542451919, service_time=14.731157639793706), Customer(idx=8, x=52.08162525092908, y=63.176186570119796, demand=20.462993809106152, ready_time=20.0094071997598, due_time=63.103493010030284, service_time=13.617069003107773), Customer(idx=9, x=58.182873448596936, y=31.83297534622649, demand=10.69745689128867, ready_time=29.88729589566069, due_time=53.07897497260579, service_time=7.8938796360210715), Customer(idx=10, x=39.31163545444121, y=34.04005717638917, demand=11.949340077752304, ready_time=28.812532882086074, due_time=63.405820040889445, service_time=11.356844442644002), Customer(idx=11, x=44.807238684675305, y=38.38028123085951, demand=11.674445551227834, ready_time=19.09085978398194, due_time=65.01227519384568, service_time=14.36654587712494), Customer(idx=12, x=54.36524022667953, y=36.84554592792388, demand=23.22816994875873, ready_time=20.789750224202013, due_time=55.96796789450792, service_time=6.634024937619284), Customer(idx=13, x=69.58093402546382, y=55.59999039416371, demand=18.923743594366158, ready_time=30.548959996694787, due_time=84.26303680428717, service_time=11.846142509898746), Customer(idx=14, x=61.039996461849796, y=39.16192287856418, demand=5.802506097600944, ready_time=23.206189573638646, due_time=53.91582461266675, service_time=8.154530480590818), Customer(idx=15, x=38.439313743453056, y=67.71638857340218, demand=26.909190661816723, ready_time=31.731998901955418, due_time=77.94954551375062, service_time=8.146778807984779)], dist=[[0.0, 19.801196520709816, 17.205930241898763, 11.256519414688556, 11.32594772961994, 14.575850418435499, 17.55254013622399, 15.341680224123365, 13.339604799839867, 19.92486393044046, 19.20835525472405, 12.72723985598796, 13.859833482801342, 20.365973331129858, 15.47079304909243, 21.154665934636945], [19.801196520709816, 0.0, 34.71877884222163, 25.54350342081451, 8.682885062891046, 27.735568909622433, 12.412601070452078, 28.976004330573694, 32.36506519320649, 2.735568115887569, 16.54701653206374, 13.055707924790182, 5.969414867977276, 28.306298144829135, 9.821074632987326, 40.51869142221818], [17.205930241898763, 34.71877884222163, 0.0, 23.98177216578607, 27.38155243175466, 9.322961090912042, 34.75089987603862, 8.333157839291903, 5.582905182062376, 33.87256034950084, 36.28812902562693, 29.933136046157912, 28.96799633609305, 16.07250695485064, 26.82100534653916, 18.73885973579118], [11.256519414688556, 25.54350342081451, 23.98177216578607, 0.0, 17.327450814691407, 24.720762575973815, 17.16556116665538, 25.192559044731812, 18.597433350824208, 26.7522072303169, 16.184058721889663, 13.29610288080352, 20.55959414161431, 31.30222730595909, 24.883665524842115, 17.50485541551939], [11.32594772961994, 8.682885062891046, 27.38155243175466, 17.327450814691407, 0.0, 21.77166338881051, 9.774612178535698, 22.91268311289359, 24.36021683475834, 9.463418506265828, 13.368842236908172, 7.004088005392195, 3.2375249194874653, 24.45184358808461, 9.248747954532062, 31.83683302236735], [14.575850418435499, 27.735568909622433, 9.322961090912042, 24.720762575973815, 21.77166338881051, 0.0, 30.63783746220437, 1.2647799813811111, 11.428676855578749, 26.405027193444944, 33.10432618424327, 26.1852569961121, 22.500348558976256, 7.707390021618677, 18.801525997286383, 25.729138712633905], [17.55254013622399, 12.412601070452078, 34.75089987603862, 17.16556116665538, 9.774612178535698, 30.63783746220437, 0.0, 31.67719889932201, 30.700703168799087, 14.838269988090165, 4.165257114927671, 4.859830881680311, 11.343477715672496, 34.0776260717563, 18.402407388931056, 34.37573346504452], [15.341680224123365, 28.976004330573694, 8.333157839291903, 25.192559044731812, 22.91268311289359, 1.2647799813811111, 31.67719889932201, 0.0, 10.954771572069236, 27.662166472284117, 34.06265512086885, 27.175187065637417, 23.70583767275876, 8.13090901552673, 20.066017326790995, 25.324587330777703], [13.339604799839867, 32.36506519320649, 5.582905182062376, 18.597433350824208, 24.36021683475834, 11.428676855578749, 30.700703168799087, 10.954771572069236, 0.0, 31.93152234697144, 31.811738013673793, 25.840929192055967, 26.42948228751239, 19.06894218573962, 25.630787646894888, 14.37797264907755], [19.92486393044046, 2.735568115887569, 33.87256034950084, 26.7522072303169, 9.463418506265828, 26.405027193444944, 14.838269988090165, 27.662166472284117, 31.93152234697144, 0.0, 18.99986404259517, 14.892105951972644, 6.300808460315673, 26.358808569485863, 7.866169578938517, 40.956409689605714], [19.20835525472405, 16.54701653206374, 36.28812902562693, 16.184058721889663, 13.368842236908172, 33.10432618424327, 4.165257114927671, 34.06265512086885, 31.811738013673793, 18.99986404259517, 0.0, 7.002799419315277, 15.312798038691172, 37.162631181559384, 22.323870191778813, 33.68762742504889], [12.72723985598796, 13.055707924790182, 29.933136046157912, 13.29610288080352, 7.004088005392195, 26.1852569961121, 4.859830881680311, 27.175187065637417, 25.840929192055967, 14.892105951972644, 7.002799419315277, 0.0, 9.680434180708637, 30.1704220140685, 16.25156573127172, 30.019288167280493], [13.859833482801342, 5.969414867977276, 28.96799633609305, 20.55959414161431, 3.2375249194874653, 22.500348558976256, 11.343477715672496, 23.70583767275876, 26.42948228751239, 6.300808460315673, 15.312798038691172, 9.680434180708637, 0.0, 24.150497407209578, 7.065265244589332, 34.73678252214814], [20.365973331129858, 28.306298144829135, 16.07250695485064, 31.30222730595909, 24.45184358808461, 7.707390021618677, 34.0776260717563, 8.13090901552673, 19.06894218573962, 26.358808569485863, 37.162631181559384, 30.1704220140685, 24.150497407209578, 0.0, 18.524515597255483, 33.41567923335986], [15.47079304909243, 9.821074632987326, 26.82100534653916, 24.883665524842115, 9.248747954532062, 18.801525997286383, 18.402407388931056, 20.066017326790995, 25.630787646894888, 7.866169578938517, 22.323870191778813, 16.25156573127172, 7.065265244589332, 18.524515597255483, 0.0, 36.41632011139124], [21.154665934636945, 40.51869142221818, 18.73885973579118, 17.50485541551939, 31.83683302236735, 25.729138712633905, 34.37573346504452, 25.324587330777703, 14.37797264907755, 40.956409689605714, 33.68762742504889, 30.019288167280493, 34.73678252214814, 33.41567923335986, 36.41632011139124, 0.0]]),\n",
       " 16)"
      ]
     },
     "execution_count": 2,
     "metadata": {},
     "output_type": "execute_result"
    }
   ],
   "source": [
    "def make_toy_instance(n_customers: int = 15,\n",
    "                        seed: int = 42,\n",
    "                        Q: float = 200.0) -> VRPTWInstance:\n",
    "    rnd = random.Random(seed)\n",
    "\n",
    "    # Depot at (50, 50), generous time window\n",
    "    depot = Customer(\n",
    "        idx=0,\n",
    "        x=50.0, y=50.0,\n",
    "        demand=0.0,\n",
    "        ready_time=0.0,\n",
    "        due_time=200.0,\n",
    "        service_time=0.0,\n",
    "    )\n",
    "\n",
    "    customers = [depot]\n",
    "    for i in range(1, n_customers+1):\n",
    "        # cluster around depot in radius ~20\n",
    "        x = 50 + rnd.uniform(-20, 20)\n",
    "        y = 50 + rnd.uniform(-20, 20)\n",
    "\n",
    "        demand = rnd.uniform(5, 30)\n",
    "        service_time = rnd.uniform(5, 15)\n",
    "\n",
    "        # create a feasible-ish time window around ~distance * 1.5\n",
    "        dist_from_depot = math.hypot(x-50, y-50)\n",
    "        earliest = dist_from_depot * 1.5\n",
    "        latest   = earliest + rnd.uniform(20, 60)\n",
    "\n",
    "        cust = Customer(\n",
    "            idx=i,\n",
    "            x=x, y=y,\n",
    "            demand=demand,\n",
    "            ready_time=earliest,\n",
    "            due_time=latest,\n",
    "            service_time=service_time,\n",
    "        )\n",
    "        customers.append(cust)\n",
    "\n",
    "    D = build_distance_matrix(customers)\n",
    "    return VRPTWInstance(Q=Q, customers=customers, dist=D)\n",
    "\n",
    "\n",
    "toy = make_toy_instance()\n",
    "toy, len(toy.customers)\n"
   ]
  },
  {
   "cell_type": "markdown",
   "id": "5f9240d8",
   "metadata": {},
   "source": [
    "## 3. Feasibility and cost helpers\n",
    "\n",
    "We'll represent a solution as a *list of routes*, where each route is a list of\n",
    "customer indices **including depot at start and end**, e.g.:\n",
    "\n",
    "```python\n",
    "route = [0, 7, 3, 12, 0]\n",
    "solution = [\n",
    "    [0, 7, 3, 12, 0],\n",
    "    [0, 5, 11, 4, 0],\n",
    "    ...\n",
    "]\n",
    "```\n",
    "\n",
    "We'll implement:\n",
    "1. Capacity feasibility for a route.\n",
    "2. Time window feasibility for a route.\n",
    "3. Total distance for a full solution.\n",
    "4. A global feasibility check that everyone is visited once.\n"
   ]
  },
  {
   "cell_type": "code",
   "execution_count": 3,
   "id": "1e56b9c7",
   "metadata": {},
   "outputs": [],
   "source": [
    "def route_capacity_ok(inst: VRPTWInstance, route: List[int]) -> bool:\n",
    "    load = 0.0\n",
    "    for idx in route:\n",
    "        if idx == 0:\n",
    "            continue\n",
    "        load += inst.customers[idx].demand\n",
    "        if load > inst.Q + 1e-9:\n",
    "            return False\n",
    "    return True\n",
    "\n",
    "def route_time_feasible(inst: VRPTWInstance, route: List[int]) -> bool:\n",
    "    t = 0.0  # time clock\n",
    "    for a, b in zip(route, route[1:]):\n",
    "        # drive\n",
    "        t += inst.travel_time(a, b)\n",
    "        cust_b = inst.customers[b]\n",
    "\n",
    "        # wait if early\n",
    "        if t < cust_b.ready_time:\n",
    "            t = cust_b.ready_time\n",
    "\n",
    "        # if late -> infeasible\n",
    "        if t > cust_b.due_time + 1e-9:\n",
    "            return False\n",
    "\n",
    "        # serve\n",
    "        t += cust_b.service_time\n",
    "    return True\n",
    "\n",
    "def total_distance(inst: VRPTWInstance, solution: List[List[int]]) -> float:\n",
    "    dist = 0.0\n",
    "    for route in solution:\n",
    "        for a, b in zip(route, route[1:]):\n",
    "            dist += inst.dist[a][b]\n",
    "    return dist\n",
    "\n",
    "def solution_feasible(inst: VRPTWInstance, solution: List[List[int]]) -> bool:\n",
    "    seen = set()\n",
    "    for route in solution:\n",
    "        # must start & end at depot\n",
    "        if route[0] != 0 or route[-1] != 0:\n",
    "            return False\n",
    "        # capacity\n",
    "        if not route_capacity_ok(inst, route):\n",
    "            return False\n",
    "        # time windows\n",
    "        if not route_time_feasible(inst, route):\n",
    "            return False\n",
    "        # unique visit\n",
    "        for c in route[1:-1]:\n",
    "            if c in seen:\n",
    "                return False\n",
    "            seen.add(c)\n",
    "\n",
    "    # all non-depot customers covered exactly once\n",
    "    all_customers = set(range(1, len(inst.customers)))\n",
    "    return seen == all_customers\n"
   ]
  },
  {
   "cell_type": "markdown",
   "id": "53700ef9",
   "metadata": {},
   "source": [
    "## 4. Greedy insertion heuristic (initial solution)\n",
    "\n",
    "We'll build routes one by one:\n",
    "\n",
    "1. Start a new empty route `[0, 0]` (depot → depot).\n",
    "2. While there is an uncovered customer that *can still be inserted feasibly*,\n",
    "   choose the \"cheapest insertion\" (minimal extra distance) that keeps\n",
    "   capacity and time windows feasible.\n",
    "3. When no insertion is possible, **start a new vehicle** and repeat.\n",
    "\n",
    "This is not state of the art, but it's a solid warm start for ALNS.\n",
    "\n",
    "If the heuristic fails to insert everyone in that route, we fall back to a\n",
    "single-customer route `[0, i, 0]` for that hard customer.\n"
   ]
  },
  {
   "cell_type": "code",
   "execution_count": 4,
   "id": "b84fb691",
   "metadata": {},
   "outputs": [
    {
     "name": "stdout",
     "output_type": "stream",
     "text": [
      "Initial solution routes: [[0, 11, 3, 15, 0], [0, 12, 4, 14, 1, 0], [0, 7, 2, 8, 0], [0, 13, 5, 0], [0, 10, 6, 0], [0, 9, 0]]\n",
      "Feasible? True\n",
      "Distance: 286.67368378072393\n"
     ]
    }
   ],
   "source": [
    "def try_insert_customer(inst: VRPTWInstance,\n",
    "                         route: List[int],\n",
    "                         cust_idx: int) -> Optional[Tuple[float, List[int]]]:\n",
    "    \"\"\"\n",
    "    Try to insert `cust_idx` somewhere between route[k] -> route[k+1].\n",
    "    Return (extra_cost, new_route) if feasible, else None.\n",
    "    \"\"\"\n",
    "    best = None\n",
    "    for k in range(len(route)-1):\n",
    "        cand = route[:k+1] + [cust_idx] + route[k+1:]\n",
    "        # capacity/time check\n",
    "        if not route_capacity_ok(inst, cand):\n",
    "            continue\n",
    "        if not route_time_feasible(inst, cand):\n",
    "            continue\n",
    "        # delta distance\n",
    "        a, b = route[k], route[k+1]\n",
    "        old = inst.dist[a][b]\n",
    "        new = inst.dist[a][cust_idx] + inst.dist[cust_idx][b]\n",
    "        extra = new - old\n",
    "        if best is None or extra < best[0]:\n",
    "            best = (extra, cand)\n",
    "    return best\n",
    "\n",
    "def greedy_initial_solution(inst: VRPTWInstance,\n",
    "                            rng: random.Random = random.Random(0)) -> List[List[int]]:\n",
    "    unrouted = set(range(1, len(inst.customers)))\n",
    "    solution: List[List[int]] = []\n",
    "\n",
    "    while unrouted:\n",
    "        # start new vehicle\n",
    "        route = [0,0]\n",
    "\n",
    "        improved = True\n",
    "        while improved and unrouted:\n",
    "            improved = False\n",
    "            # evaluate cheapest insertion for each remaining customer\n",
    "            best_move = None\n",
    "            for cidx in list(unrouted):\n",
    "                res = try_insert_customer(inst, route, cidx)\n",
    "                if res is None:\n",
    "                    continue\n",
    "                extra, new_route = res\n",
    "                if (best_move is None) or (extra < best_move[0]):\n",
    "                    best_move = (extra, cidx, new_route)\n",
    "            if best_move is not None:\n",
    "                _, cidx, new_route = best_move\n",
    "                route = new_route\n",
    "                unrouted.remove(cidx)\n",
    "                improved = True\n",
    "\n",
    "        # fallback: if route is still just depot->depot but we still have unrouted,\n",
    "        # force one hard customer into its own route [0, i, 0]\n",
    "        if route == [0,0] and unrouted:\n",
    "            cidx = unrouted.pop()\n",
    "            route = [0, cidx, 0]\n",
    "            # sanity check\n",
    "            if (not route_capacity_ok(inst, route)) or (not route_time_feasible(inst, route)):\n",
    "                raise RuntimeError(f\"Even single-customer route infeasible for {cidx}?\")\n",
    "\n",
    "        solution.append(route)\n",
    "\n",
    "    return solution\n",
    "\n",
    "\n",
    "# smoke test on toy instance\n",
    "rnd = random.Random(123)\n",
    "sol0 = greedy_initial_solution(toy, rnd)\n",
    "\n",
    "print(\"Initial solution routes:\", sol0)\n",
    "print(\"Feasible?\", solution_feasible(toy, sol0))\n",
    "print(\"Distance:\", total_distance(toy, sol0))\n"
   ]
  },
  {
   "cell_type": "markdown",
   "id": "88aa1ca6",
   "metadata": {},
   "source": [
    "## 5. Destroy & Repair operators\n",
    "\n",
    "ALNS iterates:\n",
    "1. **Destroy** current solution: remove a subset of customers from their routes.\n",
    "2. **Repair**: reinsert those customers (e.g. using our greedy insertion).\n",
    "\n",
    "We keep a pool of destroy operators:\n",
    "- `random_removal`: remove random customers.\n",
    "- `shaw_removal`: remove \"related\" customers (close in distance).\n",
    "\n",
    "We'll later assign probabilities to these operators and adapt them.\n"
   ]
  },
  {
   "cell_type": "code",
   "execution_count": 5,
   "id": "700be654",
   "metadata": {},
   "outputs": [],
   "source": [
    "def flatten_routes(solution: List[List[int]]) -> List[int]:\n",
    "    seq = []\n",
    "    for r in solution:\n",
    "        seq.extend(r[1:-1])  # skip depot endpoints\n",
    "    return seq\n",
    "\n",
    "def remove_customers(solution: List[List[int]], to_remove: List[int]) -> List[List[int]]:\n",
    "    new_sol = []\n",
    "    for r in solution:\n",
    "        nr = [c for c in r if (c not in to_remove) or (c==0)]\n",
    "        # ensure depot endpoints remain [0,...,0]\n",
    "        if nr[0] != 0:\n",
    "            nr = [0] + nr\n",
    "        if nr[-1] != 0:\n",
    "            nr = nr + [0]\n",
    "        # collapse [0,0] if empty\n",
    "        if len(nr) < 3:\n",
    "            nr = [0,0]\n",
    "        new_sol.append(nr)\n",
    "    return new_sol\n",
    "\n",
    "def random_removal(inst: VRPTWInstance,\n",
    "                   solution: List[List[int]],\n",
    "                   rng: random.Random,\n",
    "                   p: float = 0.2):\n",
    "    all_customers = flatten_routes(solution)\n",
    "    if not all_customers:\n",
    "        return solution, []\n",
    "    k = max(1, int(len(all_customers)*p))\n",
    "    picked = rng.sample(all_customers, k)\n",
    "    new_sol = remove_customers(solution, picked)\n",
    "    return new_sol, picked\n",
    "\n",
    "def shaw_removal(inst: VRPTWInstance,\n",
    "                 solution: List[List[int]],\n",
    "                 rng: random.Random,\n",
    "                 p: float = 0.2):\n",
    "    # pick seed\n",
    "    all_customers = flatten_routes(solution)\n",
    "    if not all_customers:\n",
    "        return solution, []\n",
    "    seed = rng.choice(all_customers)\n",
    "\n",
    "    def relatedness(i,j):\n",
    "        # here: Euclidean distance only (time-window closeness could be added)\n",
    "        return inst.dist[i][j]\n",
    "\n",
    "    rem_list = [seed]\n",
    "    cand_pool = set(all_customers) - {seed}\n",
    "    target_k = max(1, int(len(all_customers)*p))\n",
    "    while len(rem_list) < target_k and cand_pool:\n",
    "        # pick the most related (closest) customer to any already selected\n",
    "        best_j = None\n",
    "        best_score = None\n",
    "        for j in list(cand_pool):\n",
    "            score = min(relatedness(i,j) for i in rem_list)\n",
    "            if best_score is None or score < best_score:\n",
    "                best_score = score\n",
    "                best_j = j\n",
    "        rem_list.append(best_j)\n",
    "        cand_pool.remove(best_j)\n",
    "\n",
    "    new_sol = remove_customers(solution, rem_list)\n",
    "    return new_sol, rem_list\n",
    "\n",
    "def repair_greedy(inst: VRPTWInstance,\n",
    "                  partial_solution: List[List[int]],\n",
    "                  missing_customers: List[int],\n",
    "                  rng: random.Random) -> List[List[int]]:\n",
    "    sol = [r[:] for r in partial_solution]\n",
    "    unrouted = list(missing_customers)\n",
    "    rng.shuffle(unrouted)\n",
    "    for cidx in unrouted:\n",
    "        # best insertion across *all* current routes\n",
    "        best_overall = None\n",
    "        best_r_id = None\n",
    "\n",
    "        for ridx, route in enumerate(sol):\n",
    "            res = try_insert_customer(inst, route, cidx)\n",
    "            if res is not None:\n",
    "                extra, new_route = res\n",
    "                if (best_overall is None) or (extra < best_overall[0]):\n",
    "                    best_overall = (extra, new_route)\n",
    "                    best_r_id = ridx\n",
    "\n",
    "        if best_overall is None:\n",
    "            # open new vehicle\n",
    "            new_route = [0, cidx, 0]\n",
    "            sol.append(new_route)\n",
    "        else:\n",
    "            _, new_route = best_overall\n",
    "            sol[best_r_id] = new_route\n",
    "\n",
    "    return sol\n"
   ]
  },
  {
   "cell_type": "markdown",
   "id": "d44a5e51",
   "metadata": {},
   "source": [
    "## 6. ALNS main loop (with adaptive operator probabilities)\n",
    "\n",
    "We'll now implement the ALNS loop with:\n",
    "\n",
    "- **Metropolis acceptance** (Simulated Annealing style).\n",
    "- **Operator logging**.\n",
    "- **Adaptive probabilities** for destroy operators.\n",
    "\n",
    "### Operator adaptation logic (classical ALNS style, simplified)\n",
    "\n",
    "We maintain, for each destroy operator:\n",
    "- a weight (starts at 1.0),\n",
    "- a running score (sum of rewards this segment),\n",
    "- a usage count this segment.\n",
    "\n",
    "At each iteration we:\n",
    "1. pick an operator according to its normalised weights;\n",
    "2. apply destroy+repair;\n",
    "3. score the result with a reward:\n",
    "   - `5` if it produced a new global best,\n",
    "   - `2` if it improved over the current solution,\n",
    "   - `0.5` if it's accepted but worse,\n",
    "   - `0` if it's rejected / infeasible;\n",
    "4. add that reward to that operator's score.\n",
    "\n",
    "After each `segment_length` iterations, we update the weights:\n",
    "```text\n",
    "weight_i = α * weight_i + (1-α) * (score_i / max(usage_i,1))\n",
    "```\n",
    "then re-normalise weights to get new probabilities,\n",
    "and reset the segment scores and usage counters.\n",
    "\n",
    "We also log:\n",
    "- which operator fired,\n",
    "- old vs new cost,\n",
    "- whether it was accepted,\n",
    "- reward,\n",
    "- current probabilities.\n"
   ]
  },
  {
   "cell_type": "code",
   "execution_count": 6,
   "id": "171dabcf",
   "metadata": {},
   "outputs": [
    {
     "name": "stdout",
     "output_type": "stream",
     "text": [
      "Feasible? True\n",
      "Best cost: 231.73534981667387\n",
      "Final operator probs: [0.5615415251751936, 0.4384584748248063]\n",
      "First 5 log rows:\n",
      "{'iter': 0, 'T': 10.0, 'op_id': 0, 'op_name': 'random', 'accepted': True, 'reward': 5.0, 'note': 'new_global_best', 'curr_cost': 275.1341063822762, 'best_cost': 275.1341063822762, 'probs_snapshot': [0.5, 0.5]}\n",
      "{'iter': 1, 'T': 9.95, 'op_id': 1, 'op_name': 'shaw', 'accepted': True, 'reward': 5.0, 'note': 'new_global_best', 'curr_cost': 270.41673791915207, 'best_cost': 270.41673791915207, 'probs_snapshot': [0.5, 0.5]}\n",
      "{'iter': 2, 'T': 9.90025, 'op_id': 1, 'op_name': 'shaw', 'accepted': True, 'reward': 5.0, 'note': 'new_global_best', 'curr_cost': 257.1184548301506, 'best_cost': 257.1184548301506, 'probs_snapshot': [0.5, 0.5]}\n",
      "{'iter': 3, 'T': 9.85074875, 'op_id': 0, 'op_name': 'random', 'accepted': True, 'reward': 0.5, 'note': 'accepted_worse', 'curr_cost': 257.1184548301506, 'best_cost': 257.1184548301506, 'probs_snapshot': [0.5, 0.5]}\n",
      "{'iter': 4, 'T': 9.801495006249999, 'op_id': 0, 'op_name': 'random', 'accepted': False, 'reward': 0.0, 'note': 'rejected', 'curr_cost': 257.1184548301506, 'best_cost': 257.1184548301506, 'probs_snapshot': [0.5, 0.5]}\n",
      "... total log rows: 200\n"
     ]
    }
   ],
   "source": [
    "import math\n",
    "\n",
    "def accept_metropolis(old_cost: float, new_cost: float, T: float, rng: random.Random) -> bool:\n",
    "    if new_cost <= old_cost:\n",
    "        return True\n",
    "    # worse -> accept with exp(-(delta)/T)\n",
    "    delta = new_cost - old_cost\n",
    "    prob = math.exp(-delta / max(T,1e-9))\n",
    "    return (rng.random() < prob)\n",
    "\n",
    "def weighted_choice(rng: random.Random, probs: List[float]) -> int:\n",
    "    # pick index i with probability probs[i]\n",
    "    s = sum(probs)\n",
    "    if s <= 0:\n",
    "        # fallback: uniform\n",
    "        u = rng.randrange(len(probs))\n",
    "        return u\n",
    "    r = rng.random() * s\n",
    "    acc = 0.0\n",
    "    for i,p in enumerate(probs):\n",
    "        acc += p\n",
    "        if r <= acc:\n",
    "            return i\n",
    "    return len(probs)-1\n",
    "\n",
    "def alns(inst: VRPTWInstance,\n",
    "         iters: int = 200,\n",
    "         p_remove: float = 0.2,\n",
    "         T0: float = 10.0,\n",
    "         cooling: float = 0.995,\n",
    "         seed: int = 0,\n",
    "         alpha: float = 0.8,          # smoothing for weight update\n",
    "         segment_length: int = 20):\n",
    "    rng = random.Random(seed)\n",
    "\n",
    "    # --- operator pool ---\n",
    "    destroy_ops = [\n",
    "        (\"random\", random_removal),\n",
    "        (\"shaw\",   shaw_removal),\n",
    "    ]\n",
    "    n_ops = len(destroy_ops)\n",
    "\n",
    "    # initial equal weights / probs\n",
    "    weights = [1.0 for _ in range(n_ops)]\n",
    "    probs   = [1.0/n_ops for _ in range(n_ops)]\n",
    "\n",
    "    # per-segment accumulators\n",
    "    seg_score = [0.0 for _ in range(n_ops)]\n",
    "    seg_used  = [0   for _ in range(n_ops)]\n",
    "\n",
    "    # --- init solution ---\n",
    "    curr = greedy_initial_solution(inst, rng)\n",
    "    curr_cost = total_distance(inst, curr)\n",
    "    best = [r[:] for r in curr]\n",
    "    best_cost = curr_cost\n",
    "\n",
    "    hist_best_cost = [best_cost]\n",
    "    T = T0\n",
    "\n",
    "    # iteration log (list of dicts)\n",
    "    iter_log = []\n",
    "\n",
    "    for it in range(iters):\n",
    "        # choose destroy operator according to probs\n",
    "        op_id = weighted_choice(rng, probs)\n",
    "        op_name, op_fun = destroy_ops[op_id]\n",
    "\n",
    "        # destroy + repair\n",
    "        partial, removed = op_fun(inst, curr, rng, p=p_remove)\n",
    "        cand = repair_greedy(inst, partial, removed, rng)\n",
    "\n",
    "        accepted = False\n",
    "        reward   = 0.0\n",
    "        note     = \"\"\n",
    "\n",
    "        if solution_feasible(inst, cand):\n",
    "            cand_cost = total_distance(inst, cand)\n",
    "\n",
    "            if accept_metropolis(curr_cost, cand_cost, T, rng):\n",
    "                accepted = True\n",
    "\n",
    "                # classify quality for reward\n",
    "                if cand_cost < best_cost - 1e-9:\n",
    "                    reward = 5.0\n",
    "                    note = \"new_global_best\"\n",
    "                elif cand_cost < curr_cost - 1e-9:\n",
    "                    reward = 2.0\n",
    "                    note = \"improved_curr\"\n",
    "                else:\n",
    "                    reward = 0.5\n",
    "                    note = \"accepted_worse\"\n",
    "\n",
    "                # update current solution\n",
    "                curr, curr_cost = cand, cand_cost\n",
    "\n",
    "                # maybe update best\n",
    "                if cand_cost < best_cost - 1e-9:\n",
    "                    best, best_cost = [r[:] for r in cand], cand_cost\n",
    "            else:\n",
    "                reward = 0.0\n",
    "                note = \"rejected\"\n",
    "        else:\n",
    "            # infeasible\n",
    "            reward = 0.0\n",
    "            note = \"infeasible\"\n",
    "\n",
    "        # bookkeeping for operator learning\n",
    "        seg_score[op_id] += reward\n",
    "        seg_used[op_id]  += 1\n",
    "\n",
    "        # log iteration\n",
    "        iter_log.append({\n",
    "            \"iter\": it,\n",
    "            \"T\": T,\n",
    "            \"op_id\": op_id,\n",
    "            \"op_name\": op_name,\n",
    "            \"accepted\": accepted,\n",
    "            \"reward\": reward,\n",
    "            \"note\": note,\n",
    "            \"curr_cost\": curr_cost,\n",
    "            \"best_cost\": best_cost,\n",
    "            \"probs_snapshot\": probs[:],   # copy\n",
    "        })\n",
    "\n",
    "        # cooling\n",
    "        hist_best_cost.append(best_cost)\n",
    "        T *= cooling\n",
    "\n",
    "        # segment update?\n",
    "        if (it+1) % segment_length == 0:\n",
    "            for j in range(n_ops):\n",
    "                if seg_used[j] > 0:\n",
    "                    avg_score = seg_score[j] / seg_used[j]\n",
    "                else:\n",
    "                    avg_score = 0.0\n",
    "                # exponential smoothing of weights\n",
    "                weights[j] = alpha * weights[j] + (1.0-alpha) * avg_score\n",
    "\n",
    "            # renormalise probs\n",
    "            s = sum(weights)\n",
    "            if s <= 0:\n",
    "                probs = [1.0/n_ops for _ in range(n_ops)]\n",
    "            else:\n",
    "                probs = [w/s for w in weights]\n",
    "\n",
    "            # reset segment accumulators\n",
    "            seg_score = [0.0 for _ in range(n_ops)]\n",
    "            seg_used  = [0   for _ in range(n_ops)]\n",
    "\n",
    "    # return all diagnostics\n",
    "    return {\n",
    "        \"best_solution\": best,\n",
    "        \"best_cost\": best_cost,\n",
    "        \"history\": hist_best_cost,\n",
    "        \"iter_log\": iter_log,\n",
    "        \"final_probs\": probs,\n",
    "        \"final_weights\": weights,\n",
    "    }\n",
    "\n",
    "\n",
    "# run demo ALNS on the toy instance\n",
    "run = alns(toy, iters=200, seed=123)\n",
    "print(\"Feasible?\", solution_feasible(toy, run[\"best_solution\"]))\n",
    "print(\"Best cost:\", run[\"best_cost\"])\n",
    "print(\"Final operator probs:\", run[\"final_probs\"][:])\n",
    "print(\"First 5 log rows:\")\n",
    "for row in run[\"iter_log\"][:5]:\n",
    "    print(row)\n",
    "print(\"... total log rows:\", len(run[\"iter_log\"]))\n"
   ]
  },
  {
   "cell_type": "markdown",
   "id": "d2fe58fa",
   "metadata": {},
   "source": [
    "## 7. Visualisation helpers\n",
    "\n",
    "Two simple plots (matplotlib):\n",
    "1. Objective value over iterations.\n",
    "2. Final routed tours in the plane.\n",
    "\n",
    "Note: In some environments you may have to `%pip install matplotlib`\n",
    "if it's not already available.\n"
   ]
  },
  {
   "cell_type": "code",
   "execution_count": 7,
   "id": "98a882d1",
   "metadata": {},
   "outputs": [
    {
     "data": {
